c      in 2019/3/3 20:13:57
c
p cnf 27 110
1 0
2 3 0
-2 -3 0
4 0
5 6 7 0
-5 -6 0
-5 -7 0
-6 -7 0
8 0
9 0
10 0
11 12 0
-11 -12 0
13 14 0
-13 -14 0
15 0
16 0
17 0
18 19 0
-18 -19 0
20 0
21 0
22 23 0
-22 -23 0
24 0
25 0
26 0
27 0
1 2 5 0
-1 -2 0
-1 -5 0
-2 -5 0
3 0
6 0
4 7 0
-4 -7 0
10 0
9 0
8 0
11 13 0
-11 -13 0
12 14 0
-12 -14 0
15 0
16 0
18 21 0
-18 -21 0
19 0
20 0
17 0
22 24 0
-22 -24 0
23 0
27 0
25 0
26 0
25 0
26 0
1 0
17 0
22 27 0
-22 -27 0
2 23 0
-2 -23 0
3 0
8 0
24 0
15 18 0
-15 -18 0
19 0
9 11 0
-9 -11 0
20 0
12 0
10 0
21 0
4 0
5 13 0
-5 -13 0
6 14 0
-6 -14 0
7 16 0
-7 -16 0
1 2 0
-1 -2 0
3 0
9 11 0
-9 -11 0
8 0
12 0
10 0
5 13 0
-5 -13 0
6 14 0
-6 -14 0
4 7 0
-4 -7 0
17 0
15 18 0
-15 -18 0
19 0
20 0
21 0
16 0
22 27 0
-22 -27 0
25 0
26 0
23 0
24 0
