c      in 2019/3/3 20:17:15
c
p cnf 23 94
1 0
2 0
3 4 0
-3 -4 0
5 0
6 0
7 8 0
-7 -8 0
9 0
10 0
11 0
12 0
13 0
14 0
15 16 0
-15 -16 0
17 0
18 0
19 0
20 0
21 0
22 0
23 0
2 0
1 3 0
-1 -3 0
5 0
4 0
6 7 0
-6 -7 0
8 0
12 0
11 0
9 0
10 0
13 0
14 0
15 0
16 17 0
-16 -17 0
18 0
19 0
20 0
21 0
22 0
23 0
22 0
14 0
6 0
18 0
9 0
21 0
10 0
23 0
1 0
19 0
2 0
20 0
3 7 11 0
-3 -7 0
-3 -11 0
-7 -11 0
4 0
15 0
8 16 0
-8 -16 0
13 0
12 0
5 0
17 0
6 0
9 0
2 0
1 0
10 0
12 0
3 7 11 0
-3 -7 0
-3 -11 0
-7 -11 0
5 0
4 0
8 0
14 0
18 0
19 0
20 0
13 0
15 0
16 17 0
-16 -17 0
22 0
21 0
23 0
