c      in 2019/3/3 20:18:6
c
p cnf 27 110
1 0
2 0
3 0
4 0
5 6 0
-5 -6 0
7 0
8 9 0
-8 -9 0
10 0
11 0
12 13 0
-12 -13 0
14 15 0
-14 -15 0
16 0
17 0
18 0
19 20 0
-19 -20 0
21 0
22 0
23 24 0
-23 -24 0
25 0
26 27 0
-26 -27 0
1 0
2 0
3 5 0
-3 -5 0
4 0
6 0
7 0
8 0
9 10 0
-9 -10 0
14 0
11 12 0
-11 -12 0
13 15 0
-13 -15 0
18 0
17 0
16 0
19 0
21 0
20 22 0
-20 -22 0
23 26 0
-23 -26 0
24 25 0
-24 -25 0
27 0
16 0
23 0
11 24 0
-11 -24 0
19 0
12 20 25 0
-12 -20 0
-12 -25 0
-20 -25 0
13 0
3 0
7 0
4 0
21 26 0
-21 -26 0
27 0
22 0
14 0
15 17 0
-15 -17 0
18 0
8 0
1 9 0
-1 -9 0
2 5 0
-2 -5 0
6 0
10 0
2 0
1 0
11 12 0
-11 -12 0
13 0
3 0
4 0
7 0
5 14 0
-5 -14 0
6 15 0
-6 -15 0
8 0
9 10 0
-9 -10 0
19 0
23 0
20 24 25 0
-20 -24 0
-20 -25 0
-24 -25 0
16 0
21 26 0
-21 -26 0
22 0
27 0
18 0
17 0
