c      in 2019/2/14 16:11:18
c
p cnf 101 586
1 2 0
-1 -2 0
3 4 0
-3 -4 0
5 6 7 0
-5 -6 0
-5 -7 0
-6 -7 0
8 9 0
-8 -9 0
10 11 0
-10 -11 0
12 13 14 0
-12 -13 0
-12 -14 0
-13 -14 0
15 16 17 0
-15 -16 0
-15 -17 0
-16 -17 0
18 19 0
-18 -19 0
20 21 22 0
-20 -21 0
-20 -22 0
-21 -22 0
23 24 25 0
-23 -24 0
-23 -25 0
-24 -25 0
26 27 0
-26 -27 0
28 0
29 30 0
-29 -30 0
31 32 33 34 0
-31 -32 0
-31 -33 0
-31 -34 0
-32 -33 0
-32 -34 0
-33 -34 0
35 36 37 0
-35 -36 0
-35 -37 0
-36 -37 0
38 39 0
-38 -39 0
40 41 0
-40 -41 0
42 43 44 0
-42 -43 0
-42 -44 0
-43 -44 0
45 46 47 0
-45 -46 0
-45 -47 0
-46 -47 0
48 49 50 51 0
-48 -49 0
-48 -50 0
-48 -51 0
-49 -50 0
-49 -51 0
-50 -51 0
52 53 0
-52 -53 0
54 55 56 57 0
-54 -55 0
-54 -56 0
-54 -57 0
-55 -56 0
-55 -57 0
-56 -57 0
58 59 60 0
-58 -59 0
-58 -60 0
-59 -60 0
61 62 63 0
-61 -62 0
-61 -63 0
-62 -63 0
64 65 66 67 0
-64 -65 0
-64 -66 0
-64 -67 0
-65 -66 0
-65 -67 0
-66 -67 0
68 69 70 71 0
-68 -69 0
-68 -70 0
-68 -71 0
-69 -70 0
-69 -71 0
-70 -71 0
72 73 74 75 76 0
-72 -73 0
-72 -74 0
-72 -75 0
-72 -76 0
-73 -74 0
-73 -75 0
-73 -76 0
-74 -75 0
-74 -76 0
-75 -76 0
77 78 79 0
-77 -78 0
-77 -79 0
-78 -79 0
80 81 82 0
-80 -81 0
-80 -82 0
-81 -82 0
83 84 0
-83 -84 0
85 86 87 0
-85 -86 0
-85 -87 0
-86 -87 0
88 89 0
-88 -89 0
90 91 0
-90 -91 0
92 93 0
-92 -93 0
94 0
95 0
96 97 0
-96 -97 0
98 99 0
-98 -99 0
100 0
101 0
1 3 5 8 10 0
-1 -3 0
-1 -5 0
-1 -8 0
-1 -10 0
-3 -5 0
-3 -8 0
-3 -10 0
-5 -8 0
-5 -10 0
-8 -10 0
6 11 0
-6 -11 0
7 9 0
-7 -9 0
4 0
2 0
12 15 0
-12 -15 0
13 16 20 23 0
-13 -16 0
-13 -20 0
-13 -23 0
-16 -20 0
-16 -23 0
-20 -23 0
14 17 18 24 0
-14 -17 0
-14 -18 0
-14 -24 0
-17 -18 0
-17 -24 0
-18 -24 0
19 21 0
-19 -21 0
22 25 0
-22 -25 0
26 29 0
-26 -29 0
28 30 0
-28 -30 0
27 0
35 42 0
-35 -42 0
31 38 0
-31 -38 0
32 39 40 43 0
-32 -39 0
-32 -40 0
-32 -43 0
-39 -40 0
-39 -43 0
-40 -43 0
33 36 41 44 0
-33 -36 0
-33 -41 0
-33 -44 0
-36 -41 0
-36 -44 0
-41 -44 0
34 37 0
-34 -37 0
45 48 54 61 64 0
-45 -48 0
-45 -54 0
-45 -61 0
-45 -64 0
-48 -54 0
-48 -61 0
-48 -64 0
-54 -61 0
-54 -64 0
-61 -64 0
49 55 58 62 65 0
-49 -55 0
-49 -58 0
-49 -62 0
-49 -65 0
-55 -58 0
-55 -62 0
-55 -65 0
-58 -62 0
-58 -65 0
-62 -65 0
46 50 52 59 66 0
-46 -50 0
-46 -52 0
-46 -59 0
-46 -66 0
-50 -52 0
-50 -59 0
-50 -66 0
-52 -59 0
-52 -66 0
-59 -66 0
53 56 0
-53 -56 0
47 51 57 60 0
-47 -51 0
-47 -57 0
-47 -60 0
-51 -57 0
-51 -60 0
-57 -60 0
63 0
67 0
77 80 0
-77 -80 0
68 72 83 85 0
-68 -72 0
-68 -83 0
-68 -85 0
-72 -83 0
-72 -85 0
-83 -85 0
69 73 81 84 86 0
-69 -73 0
-69 -81 0
-69 -84 0
-69 -86 0
-73 -81 0
-73 -84 0
-73 -86 0
-81 -84 0
-81 -86 0
-84 -86 0
70 74 78 82 87 0
-70 -74 0
-70 -78 0
-70 -82 0
-70 -87 0
-74 -78 0
-74 -82 0
-74 -87 0
-78 -82 0
-78 -87 0
-82 -87 0
75 0
71 76 79 0
-71 -76 0
-71 -79 0
-76 -79 0
88 90 0
-88 -90 0
89 91 0
-89 -91 0
92 0
93 95 0
-93 -95 0
94 0
101 0
96 98 0
-96 -98 0
97 99 0
-97 -99 0
100 0
12 31 68 92 0
-12 -31 0
-12 -68 0
-12 -92 0
-31 -68 0
-31 -92 0
-68 -92 0
1 13 32 69 0
-1 -13 0
-1 -32 0
-1 -69 0
-13 -32 0
-13 -69 0
-32 -69 0
14 33 70 0
-14 -33 0
-14 -70 0
-33 -70 0
34 71 93 0
-34 -71 0
-34 -93 0
-71 -93 0
2 0
26 45 0
-26 -45 0
27 46 96 0
-27 -46 0
-27 -96 0
-46 -96 0
47 97 0
-47 -97 0
15 48 72 0
-15 -48 0
-15 -72 0
-48 -72 0
3 16 49 73 0
-3 -16 0
-3 -49 0
-3 -73 0
-16 -49 0
-16 -73 0
-49 -73 0
17 50 74 88 98 0
-17 -50 0
-17 -74 0
-17 -88 0
-17 -98 0
-50 -74 0
-50 -88 0
-50 -98 0
-74 -88 0
-74 -98 0
-88 -98 0
51 75 99 0
-51 -75 0
-51 -99 0
-75 -99 0
76 89 0
-76 -89 0
4 0
35 77 0
-35 -77 0
18 36 52 78 0
-18 -36 0
-18 -52 0
-18 -78 0
-36 -52 0
-36 -78 0
-52 -78 0
19 53 0
-19 -53 0
37 79 0
-37 -79 0
100 0
38 54 0
-38 -54 0
5 20 39 55 0
-5 -20 0
-5 -39 0
-5 -55 0
-20 -39 0
-20 -55 0
-39 -55 0
6 21 56 0
-6 -21 0
-6 -56 0
-21 -56 0
7 22 57 0
-7 -22 0
-7 -57 0
-22 -57 0
23 40 58 0
-23 -40 0
-23 -58 0
-40 -58 0
24 41 59 0
-24 -41 0
-24 -59 0
-41 -59 0
25 60 0
-25 -60 0
42 80 0
-42 -80 0
8 28 43 81 0
-8 -28 0
-8 -43 0
-8 -81 0
-28 -43 0
-28 -81 0
-43 -81 0
44 82 0
-44 -82 0
9 0
94 0
61 83 0
-61 -83 0
62 84 101 0
-62 -84 0
-62 -101 0
-84 -101 0
63 0
29 64 85 0
-29 -64 0
-29 -85 0
-64 -85 0
1