c      in 2019/3/3 20:25:57
c
p cnf 105 645
1 2 0
-1 -2 0
3 4 0
-3 -4 0
5 0
6 7 8 0
-6 -7 0
-6 -8 0
-7 -8 0
9 10 0
-9 -10 0
11 12 0
-11 -12 0
13 14 15 16 0
-13 -14 0
-13 -15 0
-13 -16 0
-14 -15 0
-14 -16 0
-15 -16 0
17 18 19 0
-17 -18 0
-17 -19 0
-18 -19 0
20 21 0
-20 -21 0
22 23 0
-22 -23 0
24 25 0
-24 -25 0
26 27 28 29 0
-26 -27 0
-26 -28 0
-26 -29 0
-27 -28 0
-27 -29 0
-28 -29 0
30 0
31 32 33 0
-31 -32 0
-31 -33 0
-32 -33 0
34 35 36 0
-34 -35 0
-34 -36 0
-35 -36 0
37 38 39 40 0
-37 -38 0
-37 -39 0
-37 -40 0
-38 -39 0
-38 -40 0
-39 -40 0
41 42 43 44 0
-41 -42 0
-41 -43 0
-41 -44 0
-42 -43 0
-42 -44 0
-43 -44 0
45 0
46 47 48 49 50 0
-46 -47 0
-46 -48 0
-46 -49 0
-46 -50 0
-47 -48 0
-47 -49 0
-47 -50 0
-48 -49 0
-48 -50 0
-49 -50 0
51 52 53 0
-51 -52 0
-51 -53 0
-52 -53 0
54 55 56 0
-54 -55 0
-54 -56 0
-55 -56 0
57 58 0
-57 -58 0
59 60 61 62 63 0
-59 -60 0
-59 -61 0
-59 -62 0
-59 -63 0
-60 -61 0
-60 -62 0
-60 -63 0
-61 -62 0
-61 -63 0
-62 -63 0
64 65 0
-64 -65 0
66 67 68 69 0
-66 -67 0
-66 -68 0
-66 -69 0
-67 -68 0
-67 -69 0
-68 -69 0
70 71 72 0
-70 -71 0
-70 -72 0
-71 -72 0
73 74 0
-73 -74 0
75 76 77 0
-75 -76 0
-75 -77 0
-76 -77 0
78 79 80 81 0
-78 -79 0
-78 -80 0
-78 -81 0
-79 -80 0
-79 -81 0
-80 -81 0
82 83 0
-82 -83 0
84 85 0
-84 -85 0
86 0
87 88 89 0
-87 -88 0
-87 -89 0
-88 -89 0
90 91 92 93 0
-90 -91 0
-90 -92 0
-90 -93 0
-91 -92 0
-91 -93 0
-92 -93 0
94 95 96 0
-94 -95 0
-94 -96 0
-95 -96 0
97 98 0
-97 -98 0
99 100 0
-99 -100 0
101 102 0
-101 -102 0
103 0
104 105 0
-104 -105 0
3 0
1 0
2 4 5 0
-2 -4 0
-2 -5 0
-4 -5 0
6 9 13 0
-6 -9 0
-6 -13 0
-9 -13 0
7 11 0
-7 -11 0
8 10 12 14 17 0
-8 -10 0
-8 -12 0
-8 -14 0
-8 -17 0
-10 -12 0
-10 -14 0
-10 -17 0
-12 -14 0
-12 -17 0
-14 -17 0
15 18 0
-15 -18 0
16 19 0
-16 -19 0
20 24 0
-20 -24 0
21 22 25 0
-21 -22 0
-21 -25 0
-22 -25 0
23 0
34 0
37 0
26 31 38 41 0
-26 -31 0
-26 -38 0
-26 -41 0
-31 -38 0
-31 -41 0
-38 -41 0
27 32 35 39 42 45 0
-27 -32 0
-27 -35 0
-27 -39 0
-27 -42 0
-27 -45 0
-32 -35 0
-32 -39 0
-32 -42 0
-32 -45 0
-35 -39 0
-35 -42 0
-35 -45 0
-39 -42 0
-39 -45 0
-42 -45 0
28 43 0
-28 -43 0
29 30 36 44 0
-29 -30 0
-29 -36 0
-29 -44 0
-30 -36 0
-30 -44 0
-36 -44 0
33 40 0
-33 -40 0
46 59 0
-46 -59 0
47 51 57 60 0
-47 -51 0
-47 -57 0
-47 -60 0
-51 -57 0
-51 -60 0
-57 -60 0
52 54 0
-52 -54 0
48 53 55 58 61 64 0
-48 -53 0
-48 -55 0
-48 -58 0
-48 -61 0
-48 -64 0
-53 -55 0
-53 -58 0
-53 -61 0
-53 -64 0
-55 -58 0
-55 -61 0
-55 -64 0
-58 -61 0
-58 -64 0
-61 -64 0
49 62 0
-49 -62 0
50 56 63 65 0
-50 -56 0
-50 -63 0
-50 -65 0
-56 -63 0
-56 -65 0
-63 -65 0
66 78 0
-66 -78 0
67 70 75 79 0
-67 -70 0
-67 -75 0
-67 -79 0
-70 -75 0
-70 -79 0
-75 -79 0
68 71 73 76 80 0
-68 -71 0
-68 -73 0
-68 -76 0
-68 -80 0
-71 -73 0
-71 -76 0
-71 -80 0
-73 -76 0
-73 -80 0
-76 -80 0
69 74 81 0
-69 -74 0
-69 -81 0
-74 -81 0
72 77 0
-72 -77 0
82 84 0
-82 -84 0
85 86 0
-85 -86 0
83 0
87 90 94 0
-87 -90 0
-87 -94 0
-90 -94 0
88 91 97 0
-88 -91 0
-88 -97 0
-91 -97 0
89 92 95 0
-89 -92 0
-89 -95 0
-92 -95 0
93 96 98 99 0
-93 -96 0
-93 -98 0
-93 -99 0
-96 -98 0
-96 -99 0
-98 -99 0
100 0
101 103 104 0
-101 -103 0
-101 -104 0
-103 -104 0
102 0
105 0
46 66 0
-46 -66 0
6 20 82 87 0
-6 -20 0
-6 -82 0
-6 -87 0
-20 -82 0
-20 -87 0
-82 -87 0
7 0
26 47 67 88 101 0
-26 -47 0
-26 -67 0
-26 -88 0
-26 -101 0
-47 -67 0
-47 -88 0
-47 -101 0
-67 -88 0
-67 -101 0
-88 -101 0
89 102 0
-89 -102 0
8 21 27 48 68 0
-8 -21 0
-8 -27 0
-8 -48 0
-8 -68 0
-21 -27 0
-21 -48 0
-21 -68 0
-27 -48 0
-27 -68 0
-48 -68 0
28 49 0
-28 -49 0
29 50 69 83 0
-29 -50 0
-29 -69 0
-29 -83 0
-50 -69 0
-50 -83 0
-69 -83 0
30 0
9 0
31 70 103 0
-31 -70 0
-31 -103 0
-70 -103 0
10 32 71 0
-10 -32 0
-10 -71 0
-32 -71 0
33 72 0
-33 -72 0
84 90 0
-84 -90 0
1 11 0
-1 -11 0
51 91 0
-51 -91 0
52 92 0
-52 -92 0
2 12 53 85 93 0
-2 -12 0
-2 -53 0
-2 -85 0
-2 -93 0
-12 -53 0
-12 -85 0
-12 -93 0
-53 -85 0
-53 -93 0
-85 -93 0
3 0
34 94 0
-34 -94 0
54 95 0
-54 -95 0
4 22 35 55 73 96 0
-4 -22 0
-4 -35 0
-4 -55 0
-4 -73 0
-4 -96 0
-22 -35 0
-22 -55 0
-22 -73 0
-22 -96 0
-35 -55 0
-35 -73 0
-35 -96 0
-55 -73 0
-55 -96 0
-73 -96 0
23 0
36 56 74 0
-36 -56 0
-36 -74 0
-56 -74 0
37 0
38 57 75 97 104 0
-38 -57 0
-38 -75 0
-38 -97 0
-38 -104 0
-57 -75 0
-57 -97 0
-57 -104 0
-75 -97 0
-75 -104 0
-97 -104 0
39 58 76 98 0
-39 -58 0
-39 -76 0
-39 -98 0
-58 -76 0
-58 -98 0
-76 -98 0
105 0
40 77 0
-40 -77 0
59 78 0
-59 -78 0
13 24 0
-13 -24 0
41 60 79 0
-41 -60 0
-41 -79 0
-60 -79 0
14 25 42 61 80 86 99 0
-14 -25 0
-14 -42 0
-14 -61 0
-14 -80 0
-14 -86 0
-14 -99 0
-25 -42 0
-25 -61 0
-25 -80 0
-25 -86 0
-25 -99 0
-42 -61 0
-42 -80 0
-42 -86 0
-42 -99 0
-61 -80 0
-61 -86 0
-61 -99 0
-80 -86 0
-80 -99 0
-86 -99 0
43 62 0
-43 -62 0
15 44 63 81 0
-15 -44 0
-15 -63 0
-15 -81 0
-44 -63 0
-44 -81 0
-63 -81 0
16 100 0
-16 -100 0
5 17 64 0
-5 -17 0
-5 -64 0
-17 -64 0
18 65 0
-18 -65 0
19 0
45 0
6 9 20 0
-6 -9 0
-6 -20 0
-9 -20 0
7 0
8 10 21 0
-8 -10 0
-8 -21 0
-10 -21 0
3 0
1 11 0
-1 -11 0
2 4 12 22 0
-2 -4 0
-2 -12 0
-2 -22 0
-4 -12 0
-4 -22 0
-12 -22 0
23 0
13 24 0
-13 -24 0
5 14 17 25 0
-5 -14 0
-5 -17 0
-5 -25 0
-14 -17 0
-14 -25 0
-17 -25 0
15 18 0
-15 -18 0
16 19 0
-16 -19 0
46 66 0
-46 -66 0
26 31 47 67 70 0
-26 -31 0
-26 -47 0
-26 -67 0
-26 -70 0
-31 -47 0
-31 -67 0
-31 -70 0
-47 -67 0
-47 -70 0
-67 -70 0
27 32 48 68 71 0
-27 -32 0
-27 -48 0
-27 -68 0
-27 -71 0
-32 -48 0
-32 -68 0
-32 -71 0
-48 -68 0
-48 -71 0
-68 -71 0
28 49 0
-28 -49 0
29 30 50 69 0
-29 -30 0
-29 -50 0
-29 -69 0
-30 -50 0
-30 -69 0
-50 -69 0
33 72 0
-33 -72 0
34 0
37 0
38 51 57 75 0
-38 -51 0
-38 -57 0
-38 -75 0
-51 -57 0
-51 -75 0
-57 -75 0
52 54 0
-52 -54 0
35 39 53 55 58 73 76 0
-35 -39 0
-35 -53 0
-35 -55 0
-35 -58 0
-35 -73 0
-35 -76 0
-39 -53 0
-39 -55 0
-39 -58 0
-39 -73 0
-39 -76 0
-53 -55 0
-53 -58 0
-53 -73 0
-53 -76 0
-55 -58 0
-55 -73 0
-55 -76 0
-58 -73 0
-58 -76 0
-73 -76 0
36 56 74 0
-36 -56 0
-36 -74 0
-56 -74 0
40 77 0
-40 -77 0
59 78 0
-59 -78 0
41 60 79 0
-41 -60 0
-41 -79 0
-60 -79 0
42 45 61 64 80 0
-42 -45 0
-42 -61 0
-42 -64 0
-42 -80 0
-45 -61 0
-45 -64 0
-45 -80 0
-61 -64 0
-61 -80 0
-64 -80 0
43 62 0
-43 -62 0
44 63 65 81 0
-44 -63 0
-44 -65 0
-44 -81 0
-63 -65 0
-63 -81 0
-65 -81 0
82 87 0
-82 -87 0
88 101 103 0
-88 -101 0
-88 -103 0
-101 -103 0
89 102 0
-89 -102 0
83 0
84 90 94 0
-84 -90 0
-84 -94 0
-90 -94 0
91 97 104 0
-91 -97 0
-91 -104 0
-97 -104 0
92 95 0
-92 -95 0
85 93 96 98 0
-85 -93 0
-85 -96 0
-85 -98 0
-93 -96 0
-93 -98 0
-96 -98 0
105 0
86 99 0
-86 -99 0
100 0
