c      in 2019/3/3 20:23:58
c
p cnf 107 623
1 2 0
-1 -2 0
3 4 5 0
-3 -4 0
-3 -5 0
-4 -5 0
6 7 0
-6 -7 0
8 9 10 11 12 0
-8 -9 0
-8 -10 0
-8 -11 0
-8 -12 0
-9 -10 0
-9 -11 0
-9 -12 0
-10 -11 0
-10 -12 0
-11 -12 0
13 14 15 16 17 0
-13 -14 0
-13 -15 0
-13 -16 0
-13 -17 0
-14 -15 0
-14 -16 0
-14 -17 0
-15 -16 0
-15 -17 0
-16 -17 0
18 19 20 21 22 0
-18 -19 0
-18 -20 0
-18 -21 0
-18 -22 0
-19 -20 0
-19 -21 0
-19 -22 0
-20 -21 0
-20 -22 0
-21 -22 0
23 24 0
-23 -24 0
25 26 27 0
-25 -26 0
-25 -27 0
-26 -27 0
28 29 30 0
-28 -29 0
-28 -30 0
-29 -30 0
31 32 33 0
-31 -32 0
-31 -33 0
-32 -33 0
34 35 0
-34 -35 0
36 37 38 0
-36 -37 0
-36 -38 0
-37 -38 0
39 40 41 0
-39 -40 0
-39 -41 0
-40 -41 0
42 0
43 0
44 45 0
-44 -45 0
46 47 48 49 0
-46 -47 0
-46 -48 0
-46 -49 0
-47 -48 0
-47 -49 0
-48 -49 0
50 51 0
-50 -51 0
52 0
53 54 0
-53 -54 0
55 0
56 57 0
-56 -57 0
58 59 60 0
-58 -59 0
-58 -60 0
-59 -60 0
61 62 0
-61 -62 0
63 64 0
-63 -64 0
65 0
66 67 68 69 0
-66 -67 0
-66 -68 0
-66 -69 0
-67 -68 0
-67 -69 0
-68 -69 0
70 71 72 73 0
-70 -71 0
-70 -72 0
-70 -73 0
-71 -72 0
-71 -73 0
-72 -73 0
74 75 0
-74 -75 0
76 77 78 0
-76 -77 0
-76 -78 0
-77 -78 0
79 80 0
-79 -80 0
81 82 83 0
-81 -82 0
-81 -83 0
-82 -83 0
84 85 0
-84 -85 0
86 87 88 0
-86 -87 0
-86 -88 0
-87 -88 0
89 90 91 0
-89 -90 0
-89 -91 0
-90 -91 0
92 93 94 95 0
-92 -93 0
-92 -94 0
-92 -95 0
-93 -94 0
-93 -95 0
-94 -95 0
96 97 98 0
-96 -97 0
-96 -98 0
-97 -98 0
99 100 101 102 0
-99 -100 0
-99 -101 0
-99 -102 0
-100 -101 0
-100 -102 0
-101 -102 0
103 104 0
-103 -104 0
105 106 107 0
-105 -106 0
-105 -107 0
-106 -107 0
13 18 0
-13 -18 0
8 14 19 0
-8 -14 0
-8 -19 0
-14 -19 0
15 0
9 16 20 25 0
-9 -16 0
-9 -20 0
-9 -25 0
-16 -20 0
-16 -25 0
-20 -25 0
10 21 23 26 0
-10 -21 0
-10 -23 0
-10 -26 0
-21 -23 0
-21 -26 0
-23 -26 0
1 3 11 22 27 0
-1 -3 0
-1 -11 0
-1 -22 0
-1 -27 0
-3 -11 0
-3 -22 0
-3 -27 0
-11 -22 0
-11 -27 0
-22 -27 0
4 6 24 0
-4 -6 0
-4 -24 0
-6 -24 0
2 5 7 12 17 0
-2 -5 0
-2 -7 0
-2 -12 0
-2 -17 0
-5 -7 0
-5 -12 0
-5 -17 0
-7 -12 0
-7 -17 0
-12 -17 0
28 31 36 0
-28 -31 0
-28 -36 0
-31 -36 0
29 32 34 37 0
-29 -32 0
-29 -34 0
-29 -37 0
-32 -34 0
-32 -37 0
-34 -37 0
30 33 38 0
-30 -33 0
-30 -38 0
-33 -38 0
35 0
39 0
40 43 0
-40 -43 0
41 42 0
-41 -42 0
46 52 0
-46 -52 0
44 47 0
-44 -47 0
48 50 0
-48 -50 0
45 49 51 0
-45 -49 0
-45 -51 0
-49 -51 0
53 0
55 56 0
-55 -56 0
54 57 0
-54 -57 0
58 61 63 0
-58 -61 0
-58 -63 0
-61 -63 0
59 62 0
-59 -62 0
60 64 0
-60 -64 0
66 70 74 0
-66 -70 0
-66 -74 0
-70 -74 0
67 71 76 0
-67 -71 0
-67 -76 0
-71 -76 0
68 72 75 77 0
-68 -72 0
-68 -75 0
-68 -77 0
-72 -75 0
-72 -77 0
-75 -77 0
73 78 0
-73 -78 0
65 69 0
-65 -69 0
79 84 86 89 0
-79 -84 0
-79 -86 0
-79 -89 0
-84 -86 0
-84 -89 0
-86 -89 0
80 81 85 87 90 0
-80 -81 0
-80 -85 0
-80 -87 0
-80 -90 0
-81 -85 0
-81 -87 0
-81 -90 0
-85 -87 0
-85 -90 0
-87 -90 0
82 88 0
-82 -88 0
83 0
91 0
92 96 103 0
-92 -96 0
-92 -103 0
-96 -103 0
99 105 0
-99 -105 0
93 97 100 104 106 0
-93 -97 0
-93 -100 0
-93 -104 0
-93 -106 0
-97 -100 0
-97 -104 0
-97 -106 0
-100 -104 0
-100 -106 0
-104 -106 0
94 101 107 0
-94 -101 0
-94 -107 0
-101 -107 0
95 98 102 0
-95 -98 0
-95 -102 0
-98 -102 0
53 92 0
-53 -92 0
54 58 93 0
-54 -58 0
-54 -93 0
-58 -93 0
94 0
39 59 0
-39 -59 0
1 40 44 60 0
-1 -40 0
-1 -44 0
-1 -60 0
-40 -44 0
-40 -60 0
-44 -60 0
2 41 45 95 0
-2 -41 0
-2 -45 0
-2 -95 0
-41 -45 0
-41 -95 0
-45 -95 0
46 55 0
-46 -55 0
3 47 0
-3 -47 0
4 48 0
-4 -48 0
5 49 65 0
-5 -49 0
-5 -65 0
-49 -65 0
79 96 0
-79 -96 0
61 80 97 0
-61 -80 0
-61 -97 0
-80 -97 0
62 0
6 50 0
-6 -50 0
7 51 98 0
-7 -51 0
-7 -98 0
-51 -98 0
8 56 99 0
-8 -56 0
-8 -99 0
-56 -99 0
9 28 57 63 81 100 0
-9 -28 0
-9 -57 0
-9 -63 0
-9 -81 0
-9 -100 0
-28 -57 0
-28 -63 0
-28 -81 0
-28 -100 0
-57 -63 0
-57 -81 0
-57 -100 0
-63 -81 0
-63 -100 0
-81 -100 0
10 29 82 101 0
-10 -29 0
-10 -82 0
-10 -101 0
-29 -82 0
-29 -101 0
-82 -101 0
83 0
11 30 64 0
-11 -30 0
-11 -64 0
-30 -64 0
12 102 0
-12 -102 0
13 66 84 0
-13 -66 0
-13 -84 0
-66 -84 0
14 52 67 0
-14 -52 0
-14 -67 0
-52 -67 0
15 0
16 68 85 0
-16 -68 0
-16 -85 0
-68 -85 0
17 42 69 0
-17 -42 0
-17 -69 0
-42 -69 0
18 70 86 0
-18 -70 0
-18 -86 0
-70 -86 0
19 71 0
-19 -71 0
20 31 72 87 0
-20 -31 0
-20 -72 0
-20 -87 0
-31 -72 0
-31 -87 0
-72 -87 0
21 32 73 88 0
-21 -32 0
-21 -73 0
-21 -88 0
-32 -73 0
-32 -88 0
-73 -88 0
22 33 43 0
-22 -33 0
-22 -43 0
-33 -43 0
23 34 0
-23 -34 0
24 35 0
-24 -35 0
74 89 103 0
-74 -89 0
-74 -103 0
-89 -103 0
75 90 104 0
-75 -90 0
-75 -104 0
-90 -104 0
91 0
76 105 0
-76 -105 0
25 36 77 106 0
-25 -36 0
-25 -77 0
-25 -106 0
-36 -77 0
-36 -106 0
-77 -106 0
26 37 78 107 0
-26 -37 0
-26 -78 0
-26 -107 0
-37 -78 0
-37 -107 0
-78 -107 0
27 38 0
-27 -38 0
39 0
1 3 40 0
-1 -3 0
-1 -40 0
-3 -40 0
4 6 0
-4 -6 0
2 5 7 41 0
-2 -5 0
-2 -7 0
-2 -41 0
-5 -7 0
-5 -41 0
-7 -41 0
13 18 0
-13 -18 0
8 14 19 0
-8 -14 0
-8 -19 0
-14 -19 0
15 0
9 16 20 28 31 0
-9 -16 0
-9 -20 0
-9 -28 0
-9 -31 0
-16 -20 0
-16 -28 0
-16 -31 0
-20 -28 0
-20 -31 0
-28 -31 0
10 21 29 32 0
-10 -21 0
-10 -29 0
-10 -32 0
-21 -29 0
-21 -32 0
-29 -32 0
11 22 30 33 43 0
-11 -22 0
-11 -30 0
-11 -33 0
-11 -43 0
-22 -30 0
-22 -33 0
-22 -43 0
-30 -33 0
-30 -43 0
-33 -43 0
12 17 42 0
-12 -17 0
-12 -42 0
-17 -42 0
25 36 0
-25 -36 0
23 26 34 37 0
-23 -26 0
-23 -34 0
-23 -37 0
-26 -34 0
-26 -37 0
-34 -37 0
27 38 0
-27 -38 0
24 35 0
-24 -35 0
53 0
46 55 0
-46 -55 0
54 58 61 0
-54 -58 0
-54 -61 0
-58 -61 0
59 62 0
-59 -62 0
44 47 60 0
-44 -47 0
-44 -60 0
-47 -60 0
48 50 0
-48 -50 0
45 49 51 0
-45 -49 0
-45 -51 0
-49 -51 0
52 56 0
-52 -56 0
57 63 0
-57 -63 0
64 0
79 92 96 0
-79 -92 0
-79 -96 0
-92 -96 0
80 93 97 0
-80 -93 0
-80 -97 0
-93 -97 0
94 0
65 95 98 0
-65 -95 0
-65 -98 0
-95 -98 0
66 70 84 86 0
-66 -70 0
-66 -84 0
-66 -86 0
-70 -84 0
-70 -86 0
-84 -86 0
67 71 99 0
-67 -71 0
-67 -99 0
-71 -99 0
68 72 81 85 87 100 0
-68 -72 0
-68 -81 0
-68 -85 0
-68 -87 0
-68 -100 0
-72 -81 0
-72 -85 0
-72 -87 0
-72 -100 0
-81 -85 0
-81 -87 0
-81 -100 0
-85 -87 0
-85 -100 0
-87 -100 0
73 82 88 101 0
-73 -82 0
-73 -88 0
-73 -101 0
-82 -88 0
-82 -101 0
-88 -101 0
83 0
69 102 0
-69 -102 0
74 89 103 0
-74 -89 0
-74 -103 0
-89 -103 0
76 105 0
-76 -105 0
75 77 90 104 106 0
-75 -77 0
-75 -90 0
-75 -104 0
-75 -106 0
-77 -90 0
-77 -104 0
-77 -106 0
-90 -104 0
-90 -106 0
-104 -106 0
78 107 0
-78 -107 0
91 0
