c      in 2019/3/3 20:25:49
c
p cnf 82 391
1 2 3 0
-1 -2 0
-1 -3 0
-2 -3 0
4 5 0
-4 -5 0
6 7 0
-6 -7 0
8 0
9 10 0
-9 -10 0
11 12 13 0
-11 -12 0
-11 -13 0
-12 -13 0
14 15 16 17 0
-14 -15 0
-14 -16 0
-14 -17 0
-15 -16 0
-15 -17 0
-16 -17 0
18 19 20 0
-18 -19 0
-18 -20 0
-19 -20 0
21 22 0
-21 -22 0
23 24 25 0
-23 -24 0
-23 -25 0
-24 -25 0
26 27 0
-26 -27 0
28 0
29 30 31 0
-29 -30 0
-29 -31 0
-30 -31 0
32 0
33 34 0
-33 -34 0
35 0
36 37 0
-36 -37 0
38 39 40 0
-38 -39 0
-38 -40 0
-39 -40 0
41 0
42 43 0
-42 -43 0
44 45 0
-44 -45 0
46 0
47 48 0
-47 -48 0
49 50 51 52 0
-49 -50 0
-49 -51 0
-49 -52 0
-50 -51 0
-50 -52 0
-51 -52 0
53 54 0
-53 -54 0
55 56 0
-55 -56 0
57 0
58 0
59 60 0
-59 -60 0
61 0
62 63 0
-62 -63 0
64 65 66 0
-64 -65 0
-64 -66 0
-65 -66 0
67 68 69 0
-67 -68 0
-67 -69 0
-68 -69 0
70 0
71 0
72 73 74 0
-72 -73 0
-72 -74 0
-73 -74 0
75 76 77 0
-75 -76 0
-75 -77 0
-76 -77 0
78 79 0
-78 -79 0
80 0
81 82 0
-81 -82 0
1 4 6 0
-1 -4 0
-1 -6 0
-4 -6 0
2 5 0
-2 -5 0
7 9 0
-7 -9 0
8 10 0
-8 -10 0
3 0
11 14 18 0
-11 -14 0
-11 -18 0
-14 -18 0
12 15 0
-12 -15 0
16 19 0
-16 -19 0
20 21 23 26 0
-20 -21 0
-20 -23 0
-20 -26 0
-21 -23 0
-21 -26 0
-23 -26 0
13 17 24 0
-13 -17 0
-13 -24 0
-17 -24 0
22 25 27 0
-22 -25 0
-22 -27 0
-25 -27 0
28 29 0
-28 -29 0
30 32 0
-30 -32 0
31 0
33 36 38 0
-33 -36 0
-33 -38 0
-36 -38 0
37 39 0
-37 -39 0
41 42 0
-41 -42 0
40 43 0
-40 -43 0
34 0
35 0
44 47 49 0
-44 -47 0
-44 -49 0
-47 -49 0
45 46 0
-45 -46 0
48 50 0
-48 -50 0
51 53 55 0
-51 -53 0
-51 -55 0
-53 -55 0
52 54 0
-52 -54 0
56 0
57 0
58 0
59 62 0
-59 -62 0
60 63 0
-60 -63 0
61 0
64 0
65 67 72 0
-65 -67 0
-65 -72 0
-67 -72 0
68 70 0
-68 -70 0
66 71 73 0
-66 -71 0
-66 -73 0
-71 -73 0
69 74 0
-69 -74 0
75 78 81 0
-75 -78 0
-75 -81 0
-78 -81 0
76 0
79 0
77 80 82 0
-77 -80 0
-77 -82 0
-80 -82 0
11 33 44 0
-11 -33 0
-11 -44 0
-33 -44 0
59 64 0
-59 -64 0
12 45 65 75 0
-12 -45 0
-12 -65 0
-12 -75 0
-45 -65 0
-45 -75 0
-65 -75 0
76 0
13 34 0
-13 -34 0
60 66 77 0
-60 -66 0
-60 -77 0
-66 -77 0
1 14 0
-1 -14 0
2 15 67 78 0
-2 -15 0
-2 -67 0
-2 -78 0
-15 -67 0
-15 -78 0
-67 -78 0
16 28 0
-16 -28 0
68 79 0
-68 -79 0
3 17 0
-3 -17 0
61 69 0
-61 -69 0
46 0
35 0
4 36 47 0
-4 -36 0
-4 -47 0
-36 -47 0
62 0
5 0
29 37 48 0
-29 -37 0
-29 -48 0
-37 -48 0
30 63 80 0
-30 -63 0
-30 -80 0
-63 -80 0
31 0
6 18 49 0
-6 -18 0
-6 -49 0
-18 -49 0
19 50 0
-19 -50 0
7 20 51 0
-7 -20 0
-7 -51 0
-20 -51 0
52 70 0
-52 -70 0
21 53 0
-21 -53 0
54 0
22 32 0
-22 -32 0
38 57 0
-38 -57 0
39 0
8 40 0
-8 -40 0
71 0
58 0
72 81 0
-72 -81 0
23 41 55 0
-23 -41 0
-23 -55 0
-41 -55 0
24 0
25 56 73 82 0
-25 -56 0
-25 -73 0
-25 -82 0
-56 -73 0
-56 -82 0
-73 -82 0
74 0
9 26 42 0
-9 -26 0
-9 -42 0
-26 -42 0
10 43 0
-10 -43 0
27 0
1 11 14 0
-1 -11 0
-1 -14 0
-11 -14 0
2 12 15 0
-2 -12 0
-2 -15 0
-12 -15 0
16 28 0
-16 -28 0
3 13 17 0
-3 -13 0
-3 -17 0
-13 -17 0
4 6 18 0
-4 -6 0
-4 -18 0
-6 -18 0
5 0
19 29 0
-19 -29 0
7 20 21 0
-7 -20 0
-7 -21 0
-20 -21 0
22 30 32 0
-22 -30 0
-22 -32 0
-30 -32 0
31 0
9 23 26 0
-9 -23 0
-9 -26 0
-23 -26 0
8 10 0
-8 -10 0
24 0
25 27 0
-25 -27 0
33 44 0
-33 -44 0
45 46 0
-45 -46 0
34 0
35 0
36 47 49 0
-36 -47 0
-36 -49 0
-47 -49 0
37 48 50 0
-37 -48 0
-37 -50 0
-48 -50 0
51 53 0
-51 -53 0
52 54 0
-52 -54 0
38 57 0
-38 -57 0
58 0
39 0
41 42 55 0
-41 -42 0
-41 -55 0
-42 -55 0
40 43 0
-40 -43 0
56 0
59 64 0
-59 -64 0
65 67 75 78 0
-65 -67 0
-65 -75 0
-65 -78 0
-67 -75 0
-67 -78 0
-75 -78 0
76 0
68 79 0
-68 -79 0
60 66 77 0
-60 -66 0
-60 -77 0
-66 -77 0
61 69 0
-61 -69 0
62 0
70 0
63 80 0
-63 -80 0
72 81 0
-72 -81 0
71 73 82 0
-71 -73 0
-71 -82 0
-73 -82 0
74 0
