c      in 2019/3/3 20:15:21
c
p cnf 24 97
1 0
2 0
3 0
4 5 0
-4 -5 0
6 7 8 0
-6 -7 0
-6 -8 0
-7 -8 0
9 0
10 0
11 0
12 0
13 0
14 0
15 0
16 0
17 0
18 0
19 0
20 0
21 0
22 0
23 24 0
-23 -24 0
1 0
2 0
6 9 0
-6 -9 0
4 7 0
-4 -7 0
5 8 0
-5 -8 0
3 0
10 0
11 0
12 0
14 0
13 0
16 0
17 0
15 0
18 0
19 0
23 0
22 24 0
-22 -24 0
20 0
21 0
12 0
2 0
18 0
20 0
13 0
15 0
21 0
10 0
19 0
16 0
3 0
4 0
5 22 0
-5 -22 0
17 0
6 23 0
-6 -23 0
7 14 0
-7 -14 0
8 24 0
-8 -24 0
9 0
1 0
11 0
2 0
3 0
6 9 0
-6 -9 0
4 7 0
-4 -7 0
5 8 0
-5 -8 0
1 0
12 0
13 0
10 0
14 0
11 0
18 0
20 0
15 0
16 0
19 0
21 0
23 0
22 24 0
-22 -24 0
17 0
