c      in 2019/3/3 20:16:33
c
p cnf 26 105
1 0
2 0
3 0
4 5 0
-4 -5 0
6 7 0
-6 -7 0
8 0
9 10 0
-9 -10 0
11 0
12 0
13 14 0
-13 -14 0
15 0
16 0
17 0
18 0
19 0
20 0
21 22 0
-21 -22 0
23 0
24 0
25 26 0
-25 -26 0
1 0
2 0
3 0
8 0
4 6 0
-4 -6 0
5 7 0
-5 -7 0
9 0
10 11 0
-10 -11 0
12 0
16 0
13 0
14 15 0
-14 -15 0
17 0
18 0
20 0
19 0
21 23 0
-21 -23 0
22 0
25 0
24 26 0
-24 -26 0
9 0
1 4 0
-1 -4 0
5 10 21 0
-5 -10 0
-5 -21 0
-10 -21 0
22 0
2 0
17 0
23 0
13 0
6 14 0
-6 -14 0
7 11 0
-7 -11 0
12 0
15 0
24 0
16 0
8 0
19 0
3 0
25 0
18 0
20 26 0
-20 -26 0
9 0
1 4 0
-1 -4 0
2 0
5 10 0
-5 -10 0
6 0
7 11 0
-7 -11 0
8 0
3 0
17 0
12 0
13 0
14 15 0
-14 -15 0
16 0
18 0
21 23 0
-21 -23 0
22 0
24 0
25 0
20 26 0
-20 -26 0
19 0
