c      in 2019/2/15 20:31:56
c
p cnf 28 119
1 0
2 0
3 4 0
-3 -4 0
5 0
6 7 0
-6 -7 0
8 0
9 0
10 0
11 0
12 0
13 0
14 0
15 16 0
-15 -16 0
17 0
18 19 0
-18 -19 0
20 0
21 22 23 0
-21 -22 0
-21 -23 0
-22 -23 0
24 25 26 0
-24 -25 0
-24 -26 0
-25 -26 0
27 0
28 0
2 0
1 0
5 6 0
-5 -6 0
3 7 0
-3 -7 0
4 0
8 0
10 0
9 0
12 0
11 0
13 0
15 0
14 16 0
-14 -16 0
21 24 0
-21 -24 0
22 0
20 25 0
-20 -25 0
17 18 0
-17 -18 0
19 23 26 0
-19 -23 0
-19 -26 0
-23 -26 0
28 0
27 0
13 0
17 0
9 18 0
-9 -18 0
19 0
20 0
1 3 0
-1 -3 0
10 0
4 0
2 0
27 0
11 0
12 0
5 21 0
-5 -21 0
22 0
14 23 0
-14 -23 0
6 24 0
-6 -24 0
7 0
28 0
15 25 0
-15 -25 0
8 16 26 0
-8 -16 0
-8 -26 0
-16 -26 0
2 0
1 3 0
-1 -3 0
4 0
5 6 0
-5 -6 0
7 0
9 0
10 0
11 0
12 0
8 0
13 0
20 0
17 18 0
-17 -18 0
19 0
27 0
21 24 0
-21 -24 0
22 0
28 0
15 25 0
-15 -25 0
14 16 23 26 0
-14 -16 0
-14 -23 0
-14 -26 0
-16 -23 0
-16 -26 0
-23 -26 0
