c      in 2019/2/15 20:32:51
c
p cnf 108 684
1 2 3 4 0
-1 -2 0
-1 -3 0
-1 -4 0
-2 -3 0
-2 -4 0
-3 -4 0
5 6 0
-5 -6 0
7 8 9 0
-7 -8 0
-7 -9 0
-8 -9 0
10 11 12 0
-10 -11 0
-10 -12 0
-11 -12 0
13 14 0
-13 -14 0
15 16 17 0
-15 -16 0
-15 -17 0
-16 -17 0
18 19 20 21 0
-18 -19 0
-18 -20 0
-18 -21 0
-19 -20 0
-19 -21 0
-20 -21 0
22 23 0
-22 -23 0
24 25 26 0
-24 -25 0
-24 -26 0
-25 -26 0
27 0
28 29 30 0
-28 -29 0
-28 -30 0
-29 -30 0
31 32 33 34 35 0
-31 -32 0
-31 -33 0
-31 -34 0
-31 -35 0
-32 -33 0
-32 -34 0
-32 -35 0
-33 -34 0
-33 -35 0
-34 -35 0
36 37 38 0
-36 -37 0
-36 -38 0
-37 -38 0
39 40 41 0
-39 -40 0
-39 -41 0
-40 -41 0
42 43 44 45 0
-42 -43 0
-42 -44 0
-42 -45 0
-43 -44 0
-43 -45 0
-44 -45 0
46 47 48 49 0
-46 -47 0
-46 -48 0
-46 -49 0
-47 -48 0
-47 -49 0
-48 -49 0
50 51 52 0
-50 -51 0
-50 -52 0
-51 -52 0
53 54 55 56 0
-53 -54 0
-53 -55 0
-53 -56 0
-54 -55 0
-54 -56 0
-55 -56 0
57 58 59 60 61 0
-57 -58 0
-57 -59 0
-57 -60 0
-57 -61 0
-58 -59 0
-58 -60 0
-58 -61 0
-59 -60 0
-59 -61 0
-60 -61 0
62 0
63 64 0
-63 -64 0
65 66 67 0
-65 -66 0
-65 -67 0
-66 -67 0
68 69 0
-68 -69 0
70 71 72 0
-70 -71 0
-70 -72 0
-71 -72 0
73 74 75 76 0
-73 -74 0
-73 -75 0
-73 -76 0
-74 -75 0
-74 -76 0
-75 -76 0
77 78 0
-77 -78 0
79 80 0
-79 -80 0
81 82 0
-81 -82 0
83 84 85 86 0
-83 -84 0
-83 -85 0
-83 -86 0
-84 -85 0
-84 -86 0
-85 -86 0
87 88 89 90 91 0
-87 -88 0
-87 -89 0
-87 -90 0
-87 -91 0
-88 -89 0
-88 -90 0
-88 -91 0
-89 -90 0
-89 -91 0
-90 -91 0
92 93 0
-92 -93 0
94 0
95 96 0
-95 -96 0
97 98 99 0
-97 -98 0
-97 -99 0
-98 -99 0
100 0
101 0
102 103 0
-102 -103 0
104 105 0
-104 -105 0
106 0
107 108 0
-107 -108 0
1 7 13 15 18 0
-1 -7 0
-1 -13 0
-1 -15 0
-1 -18 0
-7 -13 0
-7 -15 0
-7 -18 0
-13 -15 0
-13 -18 0
-15 -18 0
8 10 16 19 0
-8 -10 0
-8 -16 0
-8 -19 0
-10 -16 0
-10 -19 0
-16 -19 0
5 11 0
-5 -11 0
2 17 0
-2 -17 0
9 12 20 0
-9 -12 0
-9 -20 0
-12 -20 0
3 6 14 21 0
-3 -6 0
-3 -14 0
-3 -21 0
-6 -14 0
-6 -21 0
-14 -21 0
4 0
22 24 31 0
-22 -24 0
-22 -31 0
-24 -31 0
23 25 28 32 0
-23 -25 0
-23 -28 0
-23 -32 0
-25 -28 0
-25 -32 0
-28 -32 0
26 29 33 0
-26 -29 0
-26 -33 0
-29 -33 0
27 34 0
-27 -34 0
30 35 0
-30 -35 0
36 39 42 46 53 57 0
-36 -39 0
-36 -42 0
-36 -46 0
-36 -53 0
-36 -57 0
-39 -42 0
-39 -46 0
-39 -53 0
-39 -57 0
-42 -46 0
-42 -53 0
-42 -57 0
-46 -53 0
-46 -57 0
-53 -57 0
40 43 47 50 54 58 0
-40 -43 0
-40 -47 0
-40 -50 0
-40 -54 0
-40 -58 0
-43 -47 0
-43 -50 0
-43 -54 0
-43 -58 0
-47 -50 0
-47 -54 0
-47 -58 0
-50 -54 0
-50 -58 0
-54 -58 0
37 41 44 55 0
-37 -41 0
-37 -44 0
-37 -55 0
-41 -44 0
-41 -55 0
-44 -55 0
45 48 51 59 0
-45 -48 0
-45 -51 0
-45 -59 0
-48 -51 0
-48 -59 0
-51 -59 0
38 60 0
-38 -60 0
49 0
52 56 61 0
-52 -56 0
-52 -61 0
-56 -61 0
62 63 65 0
-62 -63 0
-62 -65 0
-63 -65 0
64 66 0
-64 -66 0
67 0
68 70 73 81 83 87 0
-68 -70 0
-68 -73 0
-68 -81 0
-68 -83 0
-68 -87 0
-70 -73 0
-70 -81 0
-70 -83 0
-70 -87 0
-73 -81 0
-73 -83 0
-73 -87 0
-81 -83 0
-81 -87 0
-83 -87 0
71 74 79 84 88 0
-71 -74 0
-71 -79 0
-71 -84 0
-71 -88 0
-74 -79 0
-74 -84 0
-74 -88 0
-79 -84 0
-79 -88 0
-84 -88 0
75 77 89 0
-75 -77 0
-75 -89 0
-77 -89 0
69 72 76 78 0
-69 -72 0
-69 -76 0
-69 -78 0
-72 -76 0
-72 -78 0
-76 -78 0
80 0
82 0
85 90 0
-85 -90 0
86 91 0
-86 -91 0
92 94 95 97 0
-92 -94 0
-92 -95 0
-92 -97 0
-94 -95 0
-94 -97 0
-95 -97 0
96 98 0
-96 -98 0
99 0
93 0
100 0
101 102 0
-101 -102 0
103 0
104 107 0
-104 -107 0
105 0
106 108 0
-106 -108 0
1 36 68 92 0
-1 -36 0
-1 -68 0
-1 -92 0
-36 -68 0
-36 -92 0
-68 -92 0
2 37 69 93 0
-2 -37 0
-2 -69 0
-2 -93 0
-37 -69 0
-37 -93 0
-69 -93 0
3 38 0
-3 -38 0
100 0
4 0
22 39 70 0
-22 -39 0
-22 -70 0
-39 -70 0
23 40 71 0
-23 -40 0
-23 -71 0
-40 -71 0
41 72 0
-41 -72 0
24 42 73 101 104 0
-24 -42 0
-24 -73 0
-24 -101 0
-24 -104 0
-42 -73 0
-42 -101 0
-42 -104 0
-73 -101 0
-73 -104 0
-101 -104 0
25 43 74 0
-25 -43 0
-25 -74 0
-43 -74 0
75 0
44 76 105 0
-44 -76 0
-44 -105 0
-76 -105 0
26 45 0
-26 -45 0
5 77 0
-5 -77 0
78 0
6 27 0
-6 -27 0
7 46 0
-7 -46 0
8 47 62 79 0
-8 -47 0
-8 -62 0
-8 -79 0
-47 -62 0
-47 -79 0
-62 -79 0
9 48 80 0
-9 -48 0
-9 -80 0
-48 -80 0
49 0
106 0
10 28 50 63 0
-10 -28 0
-10 -50 0
-10 -63 0
-28 -